#LANE 0
42
0 362
32 362
64 362
96 362
128 362
160 362
192 362
224 362
256 362
288 362
320 362
352 362
370 362
370 362
370 330
370 298
370 266
370 234
370 202
370 170
370 138
370 106
370 74
370 42
370 42
402 42
434 42
466 42
498 42
530 42
562 42
594 42
626 42
658 42
690 42
722 42
754 42
786 42
818 42
850 42
882 42
914 42
#LANE 1
28
561 512
561 480
561 448
561 416
561 384
561 352
561 320
561 288
561 256
561 224
561 204
561 204
593 204
625 204
657 204
689 204
721 204
753 204
785 204
817 204
849 204
881 204
881 172
881 140
881 108
881 76
881 42
914 42
