#LANE 0
44
928 74
896 74
864 74
832 74
800 74
784 74
784 106
784 138
784 170
784 202
784 202
752 202
720 202
688 202
656 202
624 202
592 202
560 202
550 202
550 234
550 266
550 276
518 276
486 276
454 276
422 276
390 276
368 276
368 244
368 212
368 180
368 158
336 158
304 158
272 158
240 158
208 158
176 158
144 158
112 158
80 158
48 158
16 158
0 158
#LANE 1
45
928 364
896 364
864 364
832 364
810 364
810 396
810 428
810 460
810 470
778 470
746 470
714 470
682 470
650 470
618 470
586 470
586 438
586 406
586 396
554 396
522 396
490 396
458 396
426 396
394 396
362 396
330 396
298 396
266 396
234 396
234 364
234 332
234 300
202 300
170 300
138 300
116 300
116 268
116 236
116 204
116 172
84 172
52 172
20 172
-20 172
